0100001101000100
0100000101000011
0100001001000011
0100000001000001
0011111001000001
0011110001000000
0011110101000000
0011011100111101
0011100000111101
0011000100111000
0011001000111000
0010011000110001
0010010100110001
0001010000100101
0001010100100101
0000011000010100
0000010100010100
0000010100010101
0001011000100110
0000010100010110
0010011100110010
0001011100100111
0000010100010111
0010111100110111
0010001000101111
0010010000101111
0001001000100100
0001001100100100
0000001100010010
0001000000010011
0000010100010011
0000000100010000
0000111100100010
0000000100001111
0000010100001111
0011100100111100
0011011000111100
0010111000110110
0011000000110110
0010100100110000
0010001100110000
0001101000100011
0001000100100011
0000001000010001
0000010100011010
0001100100101001
0000010100011001
0010000000101110
0000110100100000
0000000100001101
0011001100111001
0010100000110011
0001100000101000
0000010100011000
0011101000111110
0011010000111010
0010101000110100
0010110100110100
0001101100101010
0010000100101010
0001001100011011
0000011100011011
0000000000000111
0000111000100001
0000000100001110
0001111100101101
0000110000011111
0000000100001100
0011111101000010
0011101100111111
0011010100111011
0010110000110101
0010101100110101
0001111000101011
0001110000101011
0000101000011100
0000100000011100
0000000100001000
0000010000001000
0000000100001010
0000101100011110
0000000100001011
0001110100101100
0000100100011101
0000000100001001
0000000000000000
0000000000000000
0000000000000000
0000000000000000
0000000000000000
0000000000000000
0000000000000000
0000000000000000
0000000000000000
0000000000000000
0000000000000000
0000000000000000
0000000000000000
0000000000000000
0000000000000000
0000000000000000
0000000000000000
0000000000000000
0000000000000000
0000000000000000
0000000000000000
0000000000000000
0000000000000000
0000000000000000
0000000000000000
0000000000000000
0000000000000000
0000000000000000
0000000000000000
0000000000000000
0000000000000000
0000000000000000
0000000000000000
0000000000000000
0000000000000000
0000000000000000
0000000000000000
0000000000000000
0000000000000000
0000000000000000
0000000000000000
0000000000000000
0000000000000000
0000000000000000
0000000000000000
0000000000000000
0000000000000000
0000000000000000
0000000000000000
0000000000000000
0000000000000000
0000000000000000
0000000000000000
0000000000000000
0000000000000000
0000000000000000
0000000000000000
0000000000000000
0000000000000000
0000000000000000
0000000000000000
0000000000000000
0000000000000000
0000000000000000
0000000000000000
0000000000000000
0000000000000000
0000000000000000
0000000000000000
0000000000000000
0000000000000000
0000000000000000
0000000000000000
0000000000000000
0000000000000000
0000000000000000
0000000000000000
0000000000000000
0000000000000000
0000000000000000
0000000000000000
0000000000000000
0000000000000000
0000000000000000
0000000000000000
0000000000000000
0000000000000000
0000000000000000
0000000000000000
0000000000000000
0000000000000000
0000000000000000
0000000000000000
0000000000000000
0000000000000000
0000000000000000
0000000000000000
0000000000000000
0000000000000000
0000000000000000
0000000000000000
0000000000000000
0000000000000000
0000000000000000
0000000000000000
0000000000000000
0000000000000000
0000000000000000
0000000000000000
0000000000000000
0000000000000000
0000000000000000
0000000000000000
0000000000000000
0000000000000000
0000000000000000
0000000000000000
0000000000000000
0000000000000000
0000000000000000
0000000000000000
0000000000000000
0000000000000000
0000000000000000
0000000000000000
0000000000000000
0000000000000000
0000000000000000
0000000000000000
0000000000000000
0000000000000000
0000000000000000
0000000000000000
0000000000000000
0000000000000000
0000000000000000
0000000000000000
0000000000000000
0000000000000000
0000000000000000
0000000000000000
0000000000000000
0000000000000000
0000000000000000
0000000000000000
0000000000000000
0000000000000000
0000000000000000
0000000000000000
0000000000000000
0000000000000000
0000000000000000
0000000000000000
0000000000000000
0000000000000000
0000000000000000
0000000000000000
0000000000000000
0000000000000000
0000000000000000
0000000000000000
0000000000000000
0000000000000000
0000000000000000
0000000000000000
0000000000000000
0000000000000000
0000000000000000
0000000000000000
0000000000000000
0000000000000000
