00000000000000000000000000000000
00001111000000011111000011110000
00000000000100000001000100000001
11110001000011110000000000010000
00010000111100001111111100001111
00010001000100011111111111111111
00010001000100010001000100010001
11111111111111110001000100010001
11111111111111111111111111111111
00100010001000100000000000000000
00000000000000000010001000100010
11101110111011100000000000000000
00000000000000001110111011101110
00100010001000101111111111111111
00100010001000100001000100010001
11101110111011100001000100010001
11101110111011101111111111111111
00010001000100011110111011101110
00010001000100010010001000100010
11111111111111110010001000100010
11111111111111111110111011101110
00110011001100110000000000000000
00000000000000000011001100110011
00110011001100110000000000000000
11011101110111010000000000000000
00000000000000001101110111011101
00100010001000100010001000100010
11101110111011100010001000100010
11101110111011101110111011101110
00100010001000101110111011101110
00110011001100110001000100010001
00010001000100010011001100110011
11111111111111110011001100110011
11011101110111010001000100010001
11011101110111011111111111111111
11111111111111111101110111011101
00010001000100011101110111011101
00110011001100111111111111111111
01000100010001000000000000000000
00000000000000000100010001000100
11001100110011000000000000000000
00000000000000001100110011001100
00110011001100110010001000100010
00100010001000100011001100110011
11101110111011100011001100110011
11011101110111010010001000100010
11011101110111011110111011101110
11101110111011101101110111011101
00100010001000101101110111011101
00110011001100111110111011101110
01000100010001000001000100010001
00010001000100010100010001000100
11111111111111110100010001000100
11001100110011000001000100010001
11001100110011001111111111111111
11111111111111111100110011001100
00010001000100011100110011001100
01000100010001001111111111111111
01010101010101010000000000000000
00000000000000000101010101010101
10111011101110110000000000000000
00000000000000001011101110111011
00000000000000000000000000000000
00000000000000000000000000000000
